// Matriz Dispersa
digraph {
	0 [label="35, 0, 0, 20, 1, 1, 0, 1"]
	1 [label="55, 0, 0, 38, 0, 1, 0, 1"]
	0 -> 1
	2 [label="26, 0, 0, 20, 0, 1, 1, 1"]
	1 -> 2
	3 [label="28, 1, 0, 20, 0, 1, 0, 1"]
	2 -> 3
	4 [label="67, 1, 1, 20, 0, 0, 0, 1"]
	3 -> 4
	5 [label="91, 1, 0, 40, 1, 1, 1, 1"]
	4 -> 5
	6 [label="76, 1, 0, 15, 0, 1, 0, 1"]
	5 -> 6
	7 [label="61, 1, 1, 60, 0, 1, 1, 1"]
	6 -> 7
	8 [label="66, 0, 0, 65, 0, 0, 0, 1"]
	7 -> 8
	9 [label="79, 1, 0, 35, 1, 1, 1, 1"]
	8 -> 9
	10 [label="77, 1, 0, 38, 1, 1, 1, 1"]
	9 -> 10
	11 [label="62, 0, 0, 25, 1, 1, 1, 1"]
	10 -> 11
	12 [label="44, 1, 0, 30, 0, 1, 0, 1"]
	11 -> 12
	13 [label="49, 1, 0, 38, 1, 1, 0, 1"]
	12 -> 13
	14 [label="47, 1, 0, 30, 1, 0, 0, 0"]
	13 -> 14
	15 [label="81, 1, 0, 50, 0, 1, 0, 1"]
	14 -> 15
	16 [label="87, 1, 0, 38, 0, 1, 0, 1"]
	15 -> 16
	17 [label="45, 0, 0, 14, 0, 1, 0, 1"]
	16 -> 17
	18 [label="78, 1, 0, 25, 1, 0, 0, 1"]
	17 -> 18
	19 [label="48, 1, 1, 55, 0, 0, 0, 1"]
	18 -> 19
	20 [label="33, 1, 0, 25, 1, 0, 0, 0"]
	19 -> 20
	21 [label="96, 1, 1, 30, 1, 0, 0, 1"]
	20 -> 21
	22 [label="68, 1, 0, 35, 1, 1, 1, 1"]
	21 -> 22
	23 [label="53, 0, 1, 60, 0, 1, 0, 0"]
	22 -> 23
	24 [label="75, 0, 1, 30, 1, 0, 0, 1"]
	23 -> 24
	25 [label="80, 0, 1, 38, 0, 1, 1, 1"]
	24 -> 25
	26 [label="95, 1, 0, 40, 1, 0, 0, 1"]
	25 -> 26
	27 [label="70, 0, 1, 45, 1, 1, 1, 1"]
	26 -> 27
	28 [label="58, 1, 0, 38, 0, 1, 0, 1"]
	27 -> 28
	29 [label="24, 0, 1, 30, 0, 1, 1, 1"]
	28 -> 29
	30 [label="94, 0, 1, 38, 1, 1, 0, 1"]
	29 -> 30
	31 [label="85, 0, 0, 45, 0, 1, 0, 1"]
	30 -> 31
	32 [label="50, 1, 1, 35, 1, 0, 0, 1"]
	31 -> 32
	33 [label="27, 1, 1, 30, 0, 0, 0, 0"]
	32 -> 33
	34 [label="65, 0, 1, 50, 1, 1, 0, 1"]
	33 -> 34
	35 [label="69, 0, 1, 35, 0, 1, 0, 1"]
	34 -> 35
	36 [label="90, 1, 1, 50, 0, 1, 0, 1"]
	35 -> 36
	37 [label="82, 1, 1, 50, 1, 0, 0, 1"]
	36 -> 37
	38 [label="60, 0, 1, 30, 0, 1, 0, 0"]
	37 -> 38
}
